55.98 15.984 937 659 75 75
46.224 15.984 838 663 75 75
35.676 16.02 718 679 75 75
26.136 16.02 598 710 75 75
16.488 16.02 450 763 75 75
6.192 16.02 901 681 100 0
-3.996 16.02 792 690 100 0
-13.248 16.02 686 712 100 0
-43.632 16.02 855 634 75 -75
-53.424 16.02 744 647 75 -75
-73.476 25.704 524 746 50 -50
-73.476 25.704 1002 617 0 -75
-73.476 25.704 469 568 75 -75
-66.312 25.704 618 710 50 -50
-66.312 25.704 1069 631 0 -75
-66.312 25.704 579 541 75 -75
-56.916 25.704 724 678 50 -50
-56.916 25.704 701 517 75 -75
-46.584 25.704 830 661 50 -50
-46.584 25.704 821 506 75 -75
-36.36 25.704 929 659 50 -50
-36.36 25.704 929 508 75 -75
-36.36 25.704 336 680 100 0
-26.928 25.704 1013 671 50 -50
-26.928 25.704 532 746 75 0
-26.928 25.704 499 621 100 0
-16.776 25.704 661 698 75 0
-16.776 25.704 643 580 100 0
-6.408 25.704 773 672 75 0
-6.408 25.704 765 559 100 0
3.024 25.704 866 661 75 0
3.024 25.704 867 552 100 0
13.608 25.704 964 665 75 0
13.608 25.704 407 622 75 75
13.608 25.704 971 558 100 0
23.904 25.704 569 572 75 75
23.904 25.704 1071 576 100 0
33.804 25.704 715 715 50 50
33.804 25.704 697 545 75 75
43.416 25.704 811 695 50 50
43.416 25.704 806 532 75 75
53.64 25.704 906 690 50 50
64.188 36.324 994 563 50 50
64.188 36.324 524 599 0 75
64.188 36.324 1018 414 75 75
55.98 36.324 924 551 50 50
55.98 36.324 406 650 0 75
55.98 36.324 937 399 75 75
46.224 36.324 838 546 50 50
46.224 36.324 244 737 0 75
46.224 36.324 838 390 75 75
35.712 36.324 736 556 50 50
35.712 36.324 719 392 75 75
26.136 36.324 633 579 50 50
26.136 36.324 1070 556 75 0
26.136 36.324 596 406 75 75
26.136 36.324 1094 456 100 0
16.488 36.36 514 620 50 50
16.488 36.36 987 532 75 0
16.488 36.36 451 436 75 75
16.488 36.36 1002 430 100 0
6.192 36.36 364 692 50 50
6.192 36.36 894 518 75 0
6.192 36.36 257 495 75 75
6.192 36.36 900 414 100 0
-3.996 36.36 797 519 75 0
-3.996 36.36 791 409 100 0
-13.212 36.36 702 531 75 0
-13.212 36.36 685 418 100 0
-22.86 36.36 1047 546 50 -50
-22.86 36.36 590 559 75 0
-22.86 36.36 1071 401 75 -75
-22.86 36.36 557 439 100 0
-33.948 36.36 949 522 50 -50
-33.948 36.36 438 615 75 0
-33.948 36.36 957 374 75 -75
-33.948 36.36 378 487 100 0
-43.488 36.36 861 515 50 -50
-43.488 36.36 282 691 75 0
-43.488 36.36 857 363 75 -75
-53.424 36.36 762 519 50 -50
-53.424 36.36 743 361 75 -75
-63.828 36.36 648 540 50 -50
-63.828 36.36 608 372 75 -75
-73.476 36.36 528 576 50 -50
-73.476 36.36 1001 482 0 -75
-73.476 36.36 460 399 75 -75
-73.476 46.008 522 425 50 -50
-73.476 46.008 1007 359 0 -75
-73.476 46.008 439 234 75 -75
-66.312 46.008 614 402 50 -50
-66.312 46.008 557 219 75 -75
-56.952 46.044 723 385 50 -50
-56.952 46.044 693 212 75 -75
-46.692 46.044 830 382 50 -50
-46.692 46.044 221 554 75 0
-46.692 46.044 823 218 75 -75
-36.936 46.044 923 391 50 -50
-36.936 46.044 386 477 75 0
-36.936 46.044 934 235 75 -75
-36.936 46.044 302 338 100 0
-26.928 46.044 1014 415 50 -50
-26.928 46.044 531 426 75 0
-26.928 46.044 1040 263 75 -75
-26.928 46.044 480 295 100 0
-16.776 46.044 1102 449 50 -50
-16.776 46.044 659 397 75 0
-16.776 46.044 1145 302 75 -75
-16.776 46.044 632 274 100 0
-6.444 46.044 771 386 75 0
-6.444 46.044 762 268 100 0
3.024 46.044 312 554 50 50
3.024 46.044 867 387 75 0
3.024 46.044 871 276 100 0
13.572 46.044 471 482 50 50
13.572 46.044 964 403 75 0
13.572 46.044 379 285 75 75
13.572 46.044 982 296 100 0
23.904 46.044 603 441 50 50
23.904 46.044 1054 430 75 0
23.904 46.044 551 255 75 75
33.804 46.044 714 419 50 50
33.804 46.044 690 244 75 75
43.416 46.044 810 413 50 50
43.416 46.044 807 246 75 75
53.64 46.044 905 420 50 50
53.64 46.044 367 505 0 75
53.64 46.044 921 262 75 75
64.188 46.044 996 440 50 50
64.188 46.044 1029 289 75 75
64.152 52.704 937 622 25 25
64.152 52.704 1001 360 50 50
64.152 52.704 1041 202 75 75
56.52 53.064 895 606 25 25
56.52 53.064 937 336 50 50
56.52 53.064 963 170 75 75
46.476 53.532 834 595 25 25
46.476 53.532 844 314 50 50
46.476 53.532 238 439 0 75
46.476 53.532 849 136 75 75
36.54 54.324 771 591 25 25
36.54 54.324 742 298 50 50
26.136 55.44 700 590 25 25
26.136 55.44 622 288 50 50
26.136 55.44 1084 321 75 0
16.488 55.44 631 619 25 25
16.488 55.44 498 314 50 50
16.488 55.44 1000 284 75 0
16.488 55.44 398 93 75 75
6.192 55.44 554 668 25 25
6.192 55.44 347 369 50 50
6.192 55.44 903 257 75 0
6.192 55.44 190 139 75 75
-3.852 55.44 800 244 75 0
-13.212 55.44 694 245 75 0
-22.86 55.44 982 569 25 -25
-22.86 55.44 573 259 75 0
-33.336 54.684 920 561 25 -25
-33.336 54.684 965 285 50 -50
-33.336 54.684 426 314 75 0
-33.336 54.684 341 162 100 0
-43.488 54 857 565 25 -25
-43.488 54 866 279 50 -50
-43.488 54 262 394 75 0
-53.424 53.568 790 574 25 -25
-53.424 53.568 760 279 50 -50
-63.072 53.064 649 293 50 -50
-73.332 52.452 515 331 50 -50
-73.332 52.452 1016 282 0 -75
-73.332 52.452 420 123 75 -75
-73.332 53.208 513 329 50 -50
-73.332 53.208 1015 279 0 -75
-73.332 53.208 417 119 75 -75
-65.772 53.568 613 299 50 -50
-56.196 54.144 770 577 25 -25
-56.196 54.144 726 279 50 -50
-46.548 54.54 835 565 25 -25
-46.548 54.54 831 274 50 -50
-46.548 54.54 204 425 75 0
-36.036 55.332 902 559 25 -25
-36.036 55.332 937 280 50 -50
-36.036 55.332 380 331 75 0
-36.036 55.332 283 177 100 0
-26.928 55.692 958 563 25 -25
-26.928 55.692 1023 293 50 -50
-26.928 55.692 515 275 75 0
-16.776 55.692 1016 588 25 -25
-16.776 55.692 1112 333 50 -50
-16.776 55.692 649 251 75 0
-7.2 55.692 761 246 75 0
3.024 55.692 530 690 25 25
3.024 55.692 295 396 50 50
3.024 55.692 871 255 75 0
13.572 55.692 608 634 25 25
13.572 55.692 456 331 50 50
13.572 55.692 972 277 75 0
13.572 55.692 340 107 75 75
23.904 55.692 684 598 25 25
23.904 55.692 592 295 50 50
23.904 55.692 1064 312 75 0
31.968 55.692 737 587 25 25
31.968 55.692 687 289 50 50
38.448 55.548 780 588 25 25
38.448 55.548 757 297 50 50
48.888 54.972 845 592 25 25
48.888 54.972 862 313 50 50
48.888 54.972 270 417 0 75
48.888 54.972 872 136 75 75
58.644 54.648 903 604 25 25
58.644 54.648 951 334 50 50
58.644 54.648 980 169 75 75
55.98 15.984 939 660 75 75
46.224 15.984 840 663 75 75
26.136 16.02 598 712 75 75
16.488 16.02 451 764 75 75
6.192 16.02 902 682 100 0
-3.996 16.02 793 691 100 0
-13.248 16.02 686 714 100 0
-33.948 16.02 956 635 75 -75
-43.632 16.02 855 636 75 -75
-63.828 16.02 614 678 75 -75
-73.476 16.02 467 724 75 -75
-73.476 25.704 524 750 50 -50
-73.476 25.704 1003 619 0 -75
-73.476 25.704 470 571 75 -75
-66.312 25.704 618 713 50 -50
-66.312 25.704 1070 633 0 -75
-66.312 25.704 580 543 75 -75
-56.916 25.704 726 680 50 -50
-56.916 25.704 703 519 75 -75
-46.584 25.704 832 663 50 -50
-46.584 25.704 822 509 75 -75
-36.324 25.704 930 661 50 -50
-36.324 25.704 929 510 75 -75
-36.324 25.704 337 684 100 0
-26.712 25.704 1016 673 50 -50
-26.712 25.704 533 748 75 0
-26.712 25.704 1024 523 75 -75
-26.712 25.704 500 622 100 0
-16.776 25.704 662 700 75 0
-16.776 25.704 644 582 100 0
-6.408 25.704 774 674 75 0
-6.408 25.704 765 561 100 0
3.024 25.704 867 662 75 0
3.024 25.704 867 554 100 0
13.644 25.704 965 665 75 0
13.644 25.704 407 624 75 75
13.644 25.704 972 559 100 0
23.904 25.704 569 573 75 75
23.904 25.704 1073 577 100 0
33.804 25.704 716 716 50 50
33.804 25.704 697 547 75 75
43.416 25.704 812 697 50 50
43.416 25.704 807 534 75 75
53.64 25.704 913 533 75 75
64.188 36.324 995 565 50 50
64.188 36.324 525 601 0 75
64.188 36.324 1019 415 75 75
55.98 36.324 925 552 50 50
55.98 36.324 407 652 0 75
55.98 36.324 938 400 75 75
46.224 36.324 839 548 50 50
46.224 36.324 245 740 0 75
46.224 36.324 838 391 75 75
35.676 36.324 737 558 50 50
35.676 36.324 720 393 75 75
26.136 36.324 633 581 50 50
26.136 36.324 1072 558 75 0
26.136 36.324 598 408 75 75
16.488 36.324 515 622 50 50
16.488 36.324 987 534 75 0
16.488 36.324 452 439 75 75
16.488 36.324 1002 431 100 0
6.192 36.36 364 694 50 50
6.192 36.36 895 520 75 0
6.192 36.36 258 497 75 75
6.192 36.36 900 415 100 0
-3.996 36.36 797 521 75 0
-3.996 36.36 791 411 100 0
-13.212 36.36 703 533 75 0
-13.212 36.36 1167 434 75 -75
-13.212 36.36 685 419 100 0
-22.86 36.36 1047 548 50 -50
-22.86 36.36 590 561 75 0
-22.86 36.36 1071 402 75 -75
-22.86 36.36 557 441 100 0
-33.948 36.36 949 524 50 -50
-33.948 36.36 438 617 75 0
-33.948 36.36 958 376 75 -75
-33.948 36.36 379 489 100 0
-43.632 36.36 860 517 50 -50
-43.632 36.36 279 695 75 0
-43.632 36.36 855 365 75 -75
-53.424 36.36 763 522 50 -50
-53.424 36.36 744 363 75 -75
-63.828 36.36 650 542 50 -50
-63.828 36.36 609 375 75 -75
-73.476 36.36 529 578 50 -50
-73.476 36.36 1002 484 0 -75
-73.476 36.36 462 401 75 -75
-73.476 46.008 523 427 50 -50
-73.476 46.008 1007 361 0 -75
-73.476 46.008 440 236 75 -75
-66.312 46.044 614 405 50 -50
-66.312 46.044 559 221 75 -75
-56.916 46.044 723 388 50 -50
-56.916 46.044 693 214 75 -75
-46.584 46.044 831 385 50 -50
-46.584 46.044 223 557 75 0
-46.584 46.044 824 220 75 -75
-36.36 46.044 929 394 50 -50
-36.36 46.044 397 475 75 0
-36.36 46.044 941 238 75 -75
-36.36 46.044 314 337 100 0
-26.928 46.044 1015 416 50 -50
-26.928 46.044 532 428 75 0
-26.928 46.044 1041 265 75 -75
-26.928 46.044 481 298 100 0
-16.776 46.044 1102 450 50 -50
-16.776 46.044 660 399 75 0
-16.776 46.044 1145 303 75 -75
-16.776 46.044 632 275 100 0
-7.2 46.044 763 388 75 0
-7.2 46.044 754 270 100 0
3.024 46.044 313 557 50 50
3.024 46.044 867 389 75 0
3.024 46.044 871 278 100 0
13.644 46.044 471 485 50 50
13.644 46.044 964 404 75 0
13.644 46.044 379 286 75 75
13.644 46.044 982 298 100 0
23.94 46.044 604 442 50 50
23.94 46.044 1055 432 75 0
23.94 46.044 552 256 75 75
33.804 46.296 713 417 50 50
33.804 46.296 689 241 75 75
43.416 46.548 811 408 50 50
43.416 46.548 808 241 75 75
53.64 46.548 906 416 50 50
53.64 46.548 366 499 0 75
53.64 46.548 922 256 75 75
64.152 46.548 997 435 50 50
64.152 46.548 1030 283 75 75
64.152 52.92 938 619 25 25
64.152 52.92 1002 357 50 50
64.152 52.92 1042 199 75 75
56.016 53.28 892 604 25 25
56.016 53.28 933 332 50 50
56.016 53.28 958 165 75 75
46.512 53.748 835 594 25 25
46.512 53.748 845 311 50 50
46.512 53.748 239 435 0 75
36.54 54.432 771 589 25 25
36.54 54.432 742 296 50 50
26.136 55.44 700 591 25 25
26.136 55.44 622 288 50 50
26.136 55.44 1084 322 75 0
16.488 55.44 631 621 25 25
16.488 55.44 498 316 50 50
16.488 55.44 1000 285 75 0
6.192 55.44 554 669 25 25
6.192 55.44 347 370 50 50
6.192 55.44 903 259 75 0
6.192 55.44 190 141 75 75
-3.852 55.44 800 246 75 0
-13.212 55.44 694 246 75 0
-22.86 55.44 573 261 75 0
-33.3 54.972 920 560 25 -25
-33.3 54.972 966 283 50 -50
-33.3 54.972 425 312 75 0
-33.3 54.972 339 158 100 0
-43.488 54.108 857 563 25 -25
-43.488 54.108 866 277 50 -50
-43.488 54.108 262 392 75 0
-53.424 53.712 791 573 25 -25
-53.424 53.712 761 277 50 -50
-63.072 53.208 650 292 50 -50
-73.332 52.56 517 330 50 -50
-73.332 52.56 1016 281 0 -75
-73.332 52.56 422 120 75 -75
-73.332 53.28 514 326 50 -50
-73.332 53.28 1017 278 0 -75
-73.332 53.28 420 118 75 -75
-65.772 53.712 614 298 50 -50
-56.196 54.288 770 576 25 -25
-56.196 54.288 727 278 50 -50
-46.548 54.612 836 564 25 -25
-46.548 54.612 832 273 50 -50
-46.548 54.612 205 422 75 0
-36.036 55.404 903 559 25 -25
-36.036 55.404 938 279 50 -50
-36.036 55.404 381 329 75 0
-36.036 55.404 284 175 100 0
-26.928 55.692 958 562 25 -25
-26.928 55.692 1024 293 50 -50
-26.928 55.692 517 274 75 0
-16.776 55.692 1016 588 25 -25
-16.776 55.692 1113 334 50 -50
-16.776 55.692 652 251 75 0
-16.776 55.692 1168 178 75 -75
-7.2 55.692 762 246 75 0
3.024 55.692 530 689 25 25
3.024 55.692 297 394 50 50
3.024 55.692 872 254 75 0
13.644 55.692 610 634 25 25
13.644 55.692 456 330 50 50
13.644 55.692 973 277 75 0
13.644 55.692 341 104 75 75
23.94 55.692 684 598 25 25
23.94 55.692 593 294 50 50
23.94 55.692 1065 312 75 0
31.968 55.692 738 586 25 25
31.968 55.692 689 288 50 50
38.448 55.584 780 587 25 25
38.448 55.584 758 296 50 50
48.852 54.972 846 592 25 25
48.852 54.972 863 312 50 50
48.852 54.972 270 416 0 75
58.536 54.648 903 604 25 25
58.536 54.648 951 334 50 50
58.536 54.648 980 169 75 75
55.98 15.984 937 660 75 75
46.224 15.984 840 663 75 75
35.676 15.984 720 681 75 75
26.136 16.02 598 712 75 75
16.488 16.02 451 764 75 75
6.192 16.02 902 682 100 0
-4.032 16.02 793 692 100 0
-13.356 16.02 684 716 100 0
-43.632 16.02 855 636 75 -75
-53.676 16.02 742 650 75 -75
-63.828 16.02 614 679 75 -75
-73.476 16.02 465 726 75 -75
-73.476 25.704 524 751 50 -50
-73.476 25.704 1003 619 0 -75
-73.476 25.704 470 571 75 -75
-66.06 25.704 621 711 50 -50
-66.06 25.704 1072 634 0 -75
-66.06 25.704 583 542 75 -75
-56.916 25.704 725 681 50 -50
-56.916 25.704 702 520 75 -75
-46.584 25.704 831 664 50 -50
-46.584 25.704 821 509 75 -75
-36.324 25.704 929 662 50 -50
-36.324 25.704 929 511 75 -75
-36.324 25.704 336 684 100 0
-26.676 25.704 1018 675 50 -50
-26.676 25.704 537 748 75 0
-26.676 25.704 503 622 100 0
-16.776 25.704 661 701 75 0
-16.776 25.704 643 582 100 0
-6.408 25.704 774 674 75 0
-6.408 25.704 765 561 100 0
3.06 25.704 867 554 100 0
13.644 25.704 964 666 75 0
13.644 25.704 406 625 75 75
13.644 25.704 972 560 100 0
23.904 25.704 569 574 75 75
23.904 25.704 1073 578 100 0
33.804 25.704 716 716 50 50
43.416 25.704 812 697 50 50
43.416 25.704 807 535 75 75
53.64 25.704 913 534 75 75
64.188 36.324 994 565 50 50
64.188 36.324 524 601 0 75
64.188 36.324 1019 416 75 75
55.98 36.324 925 552 50 50
55.98 36.324 406 652 0 75
55.98 36.324 937 401 75 75
46.224 36.324 838 548 50 50
46.224 36.324 245 740 0 75
46.224 36.324 838 392 75 75
35.676 36.324 737 558 50 50
35.676 36.324 721 393 75 75
26.136 36.324 633 581 50 50
26.136 36.324 1071 559 75 0
26.136 36.324 597 408 75 75
16.488 36.36 514 623 50 50
16.488 36.36 987 534 75 0
16.488 36.36 451 439 75 75
16.488 36.36 1002 432 100 0
6.012 36.36 362 694 50 50
6.012 36.36 894 521 75 0
6.012 36.36 254 499 75 75
6.012 36.36 898 416 100 0
-3.996 36.36 797 521 75 0
-3.996 36.36 791 411 100 0
-13.212 36.36 702 533 75 0
-13.212 36.36 1166 435 75 -75
-13.212 36.36 685 420 100 0
-22.86 36.36 1047 547 50 -50
-22.86 36.36 590 561 75 0
-22.86 36.36 1071 402 75 -75
-22.86 36.36 557 441 100 0
-33.948 36.36 949 525 50 -50
-33.948 36.36 438 617 75 0
-33.948 36.36 958 377 75 -75
-33.948 36.36 379 489 100 0
-43.632 36.36 859 517 50 -50
-43.632 36.36 279 696 75 0
-43.632 36.36 855 365 75 -75
-53.424 36.36 763 522 50 -50
-53.424 36.36 743 364 75 -75
-63.828 36.36 648 542 50 -50
-63.828 36.36 609 375 75 -75
-73.476 36.36 528 579 50 -50
-73.476 36.36 1001 485 0 -75
-73.476 36.36 460 401 75 -75
-73.476 46.044 522 428 50 -50
-73.476 46.044 1007 362 0 -75
-73.476 46.044 439 236 75 -75
-66.312 46.044 614 405 50 -50
-66.312 46.044 558 222 75 -75
-56.916 46.044 723 388 50 -50
-56.916 46.044 693 215 75 -75
-46.584 46.044 830 385 50 -50
-46.584 46.044 221 557 75 0
-46.584 46.044 823 221 75 -75
-36.324 46.044 929 395 50 -50
-36.324 46.044 396 475 75 0
-36.324 46.044 941 238 75 -75
-36.324 46.044 313 338 100 0
-26.928 46.044 1015 416 50 -50
-26.928 46.044 531 429 75 0
-26.928 46.044 1040 265 75 -75
-26.928 46.044 481 298 100 0
-16.776 46.044 1102 450 50 -50
-16.776 46.044 659 400 75 0
-16.776 46.044 632 276 100 0
-6.408 46.044 771 388 75 0
-6.408 46.044 762 270 100 0
3.06 46.044 313 557 50 50
3.06 46.044 866 389 75 0
3.06 46.044 871 278 100 0
13.644 46.044 470 485 50 50
13.644 46.044 964 405 75 0
13.644 46.044 377 286 75 75
13.644 46.044 981 298 100 0
23.94 46.332 603 438 50 50
23.94 46.332 550 251 75 75
33.84 46.548 714 414 50 50
33.84 46.548 689 238 75 75
43.416 46.548 810 408 50 50
43.416 46.548 807 241 75 75
53.64 46.548 905 416 50 50
53.64 46.548 365 499 0 75
53.64 46.548 922 256 75 75
64.188 46.548 997 436 50 50
64.188 46.548 1029 284 75 75
64.152 52.956 937 619 25 25
64.152 52.956 1002 357 50 50
64.152 52.956 1041 198 75 75
56.016 53.28 892 603 25 25
56.016 53.28 932 332 50 50
56.016 53.28 957 165 75 75
46.728 53.748 836 593 25 25
46.728 53.748 847 311 50 50
46.728 53.748 242 432 0 75
46.728 53.748 852 134 75 75
36.54 54.504 770 589 25 25
36.54 54.504 741 296 50 50
26.136 55.44 699 591 25 25
26.136 55.44 622 289 50 50
16.488 55.44 630 622 25 25
16.488 55.44 497 317 50 50
16.488 55.44 1000 286 75 0
16.488 55.44 398 94 75 75
6.192 55.44 553 670 25 25
6.192 55.44 345 370 50 50
6.192 55.44 903 259 75 0
6.192 55.44 188 140 75 75
-3.996 55.44 797 246 75 0
-13.212 55.44 694 247 75 0
-22.86 55.44 983 571 25 -25
-22.86 55.44 573 261 75 0
-33.336 55.08 920 560 25 -25
-33.336 55.08 966 283 50 -50
-33.336 55.08 425 312 75 0
-33.336 55.08 339 158 100 0
-43.632 54.144 856 563 25 -25
-43.632 54.144 864 276 50 -50
-43.632 54.144 260 393 75 0
-53.676 53.748 789 573 25 -25
-53.676 53.748 758 277 50 -50
-63.072 53.244 650 292 50 -50
-73.332 52.668 517 329 50 -50
-73.332 52.668 1017 281 0 -75
-73.332 52.668 423 120 75 -75
-73.332 53.316 516 326 50 -50
-73.332 53.316 1017 278 0 -75
-73.332 53.316 421 118 75 -75
-65.772 53.748 615 298 50 -50
-56.196 54.324 771 576 25 -25
-56.196 54.324 728 278 50 -50
-45.9 54.648 840 564 25 -25
-45.9 54.648 840 274 50 -50
-45.9 54.648 219 414 75 0
-36.036 55.44 903 559 25 -25
-36.036 55.44 938 279 50 -50
-36.036 55.44 383 330 75 0
-36.036 55.44 285 175 100 0
-26.928 55.692 959 562 25 -25
-26.928 55.692 1025 293 50 -50
-26.928 55.692 517 275 75 0
-16.776 55.692 652 251 75 0
-6.408 55.692 771 246 75 0
3.06 55.692 530 689 25 25
3.06 55.692 297 394 50 50
3.06 55.692 872 255 75 0
13.644 55.692 610 634 25 25
13.644 55.692 457 330 50 50
13.644 55.692 973 278 75 0
13.644 55.692 341 104 75 75
23.94 55.692 684 598 25 25
23.94 55.692 593 294 50 50
23.94 55.692 1064 312 75 0
31.968 55.692 738 586 25 25
31.968 55.692 689 288 50 50
38.412 55.62 780 587 25 25
38.412 55.62 757 294 50 50
48.744 55.044 842 592 25 25
48.744 55.044 857 310 50 50
48.744 55.044 260 418 0 75
58.428 54.648 902 604 25 25
58.428 54.648 950 333 50 50
58.428 54.648 979 168 75 75
55.98 15.984 938 661 75 75
46.224 15.984 840 663 75 75
35.676 15.984 721 680 75 75
26.136 16.02 599 712 75 75
16.488 16.02 451 764 75 75
6.192 16.02 902 682 100 0
-4.032 16.02 794 692 100 0
-13.356 16.02 685 715 100 0
-43.632 16.02 855 636 75 -75
-53.676 16.02 743 650 75 -75
-63.828 16.02 615 678 75 -75
-73.476 16.02 467 725 75 -75
-73.476 25.704 525 749 50 -50
-73.476 25.704 1004 619 0 -75
-73.476 25.704 471 571 75 -75
-66.312 25.704 619 712 50 -50
-66.312 25.704 1071 634 0 -75
-66.312 25.704 581 543 75 -75
-56.916 25.704 726 681 50 -50
-56.916 25.704 703 520 75 -75
-46.584 25.704 832 664 50 -50
-46.584 25.704 822 509 75 -75
-36.324 25.704 930 662 50 -50
-36.324 25.704 930 511 75 -75
-36.324 25.704 337 684 100 0
-26.676 25.704 1018 675 50 -50
-26.676 25.704 538 747 75 0
-26.676 25.704 505 621 100 0
-16.776 25.704 662 701 75 0
-16.776 25.704 644 582 100 0
-6.408 25.704 775 673 75 0
-6.408 25.704 766 561 100 0
3.312 25.704 870 555 100 0
13.644 25.704 965 666 75 0
13.644 25.704 408 624 75 75
13.644 25.704 973 560 100 0
23.904 25.704 570 574 75 75
23.904 25.704 1073 578 100 0
33.84 25.704 717 716 50 50
33.84 25.704 698 547 75 75
43.416 25.704 812 697 50 50
43.416 25.704 807 534 75 75
53.64 25.704 913 534 75 75
64.188 25.704 1016 545 75 75
64.188 36.324 995 565 50 50
64.188 36.324 525 601 0 75
64.188 36.324 1019 416 75 75
55.98 36.324 925 552 50 50
55.98 36.324 407 652 0 75
55.98 36.324 939 401 75 75
46.224 36.324 839 548 50 50
46.224 36.324 246 739 0 75
46.224 36.324 839 392 75 75
35.676 36.324 737 558 50 50
35.676 36.324 720 393 75 75
26.136 36.324 634 581 50 50
26.136 36.324 1072 559 75 0
26.136 36.324 598 408 75 75
16.488 36.324 514 623 50 50
16.488 36.324 987 535 75 0
16.488 36.324 452 439 75 75
16.488 36.324 1003 432 100 0
6.012 36.36 363 695 50 50
6.012 36.36 894 521 75 0
6.012 36.36 257 497 75 75
6.012 36.36 899 416 100 0
-4.032 36.36 798 521 75 0
-4.032 36.36 792 411 100 0
-13.356 36.36 1130 578 50 -50
-13.356 36.36 701 535 75 0
-13.356 36.36 684 420 100 0
-22.86 36.36 1048 548 50 -50
-22.86 36.36 591 562 75 0
-22.86 36.36 1071 402 75 -75
-22.86 36.36 559 441 100 0
-33.948 36.36 950 525 50 -50
-33.948 36.36 440 617 75 0
-33.948 36.36 959 377 75 -75
-33.948 36.36 380 489 100 0
-43.632 36.36 860 517 50 -50
-43.632 36.36 281 696 75 0
-43.632 36.36 856 365 75 -75
-53.676 36.36 761 522 50 -50
-53.676 36.36 742 364 75 -75
-63.828 36.36 651 542 50 -50
-63.828 36.36 610 375 75 -75
-73.476 36.36 529 579 50 -50
-73.476 36.36 1002 485 0 -75
-73.476 36.36 463 401 75 -75
-73.476 46.008 524 429 50 -50
-73.476 46.008 1008 362 0 -75
-73.476 46.008 441 237 75 -75
-66.312 46.044 615 405 50 -50
-66.312 46.044 560 223 75 -75
-56.916 46.044 724 388 50 -50
-56.916 46.044 694 215 75 -75
-46.584 46.044 831 385 50 -50
-46.584 46.044 223 557 75 0
-46.584 46.044 824 221 75 -75
-36.324 46.044 930 395 50 -50
-36.324 46.044 397 475 75 0
-36.324 46.044 941 239 75 -75
-36.324 46.044 316 338 100 0
-26.676 46.044 1017 417 50 -50
-26.676 46.044 536 428 75 0
-26.676 46.044 1044 266 75 -75
-26.676 46.044 486 298 100 0
-16.776 46.044 1103 450 50 -50
-16.776 46.044 660 399 75 0
-16.776 46.044 1145 304 75 -75
-16.776 46.044 633 276 100 0
-6.408 46.044 772 388 75 0
-6.408 46.044 764 270 100 0
3.312 46.044 318 554 50 50
3.312 46.044 870 389 75 0
3.312 46.044 170 348 75 75
3.312 46.044 875 278 100 0
13.644 46.044 471 485 50 50
13.644 46.044 964 405 75 0
13.644 46.044 380 286 75 75
13.644 46.044 982 298 100 0
23.94 46.296 604 438 50 50
23.94 46.296 1055 429 75 0
23.94 46.296 551 251 75 75
33.84 46.548 714 414 50 50
33.84 46.548 690 238 75 75
43.416 46.548 811 408 50 50
43.416 46.548 808 241 75 75
53.64 46.548 906 416 50 50
53.64 46.548 366 498 0 75
53.64 46.548 922 256 75 75
64.188 46.548 997 435 50 50
64.188 46.548 1030 283 75 75
64.152 52.992 938 619 25 25
64.152 52.992 1002 357 50 50
64.152 52.992 1042 199 75 75
56.628 53.316 897 603 25 25
56.628 53.316 939 333 50 50
56.628 53.316 965 167 75 75
46.728 53.784 836 593 25 25
46.728 53.784 847 311 50 50
46.728 53.784 243 431 0 75
36.54 54.54 771 588 25 25
36.54 54.54 742 295 50 50
26.136 55.44 700 591 25 25
26.136 55.44 623 288 50 50
26.136 55.44 1085 323 75 0
16.488 55.44 631 621 25 25
16.488 55.44 498 317 50 50
16.488 55.44 1000 286 75 0
16.488 55.44 399 94 75 75
6.192 55.44 554 670 25 25
6.192 55.44 347 370 50 50
6.192 55.44 903 259 75 0
6.192 55.44 191 141 75 75
-4.032 55.44 798 247 75 0
-13.212 55.44 696 247 75 0
-22.86 55.44 983 570 25 -25
-22.86 55.44 574 261 75 0
-33.336 55.08 921 560 25 -25
-33.336 55.08 967 283 50 -50
-33.336 55.08 427 311 75 0
-33.336 55.08 342 158 100 0
-43.632 54.216 856 564 25 -25
-43.632 54.216 865 277 50 -50
-43.632 54.216 261 393 75 0
-53.676 53.748 790 573 25 -25
-53.676 53.748 759 277 50 -50
-63.072 53.244 651 292 50 -50
-73.332 52.668 517 329 50 -50
-73.332 52.668 1017 281 0 -75
-73.332 52.668 423 120 75 -75
-73.332 53.316 516 326 50 -50
-73.332 53.316 1017 278 0 -75
-73.332 53.316 421 116 75 -75
-65.772 53.784 615 298 50 -50
-56.196 54.36 771 576 25 -25
-56.196 54.36 728 278 50 -50
-46.548 54.684 836 564 25 -25
-46.548 54.684 833 273 50 -50
-46.548 54.684 207 422 75 0
-36.036 55.476 903 559 25 -25
-36.036 55.476 938 279 50 -50
-36.036 55.476 382 329 75 0
-36.036 55.476 285 175 100 0
-26.928 55.692 959 562 25 -25
-26.928 55.692 1025 293 50 -50
-26.928 55.692 517 274 75 0
-16.776 55.692 1017 589 25 -25
-16.776 55.692 652 251 75 0
-6.408 55.692 771 246 75 0
3.312 55.692 531 688 25 25
3.312 55.692 301 393 50 50
3.312 55.692 874 255 75 0
13.644 55.692 610 634 25 25
13.644 55.692 457 330 50 50
13.644 55.692 973 278 75 0
13.644 55.692 341 104 75 75
23.94 55.692 684 598 25 25
23.94 55.692 593 294 50 50
23.94 55.692 1064 313 75 0
31.968 55.692 738 586 25 25
31.968 55.692 689 288 50 50
38.376 55.62 775 587 25 25
38.376 55.62 751 294 50 50
48.312 55.08 842 592 25 25
48.312 55.08 857 310 50 50
48.312 55.08 258 418 0 75
58.392 54.648 902 604 25 25
58.392 54.648 950 333 50 50
58.392 54.648 979 168 75 75
55.98 15.984 939 661 75 75
46.224 15.984 840 663 75 75
26.136 16.02 600 712 75 75
16.488 16.02 451 764 75 75
6.012 16.02 901 683 100 0
-4.068 16.02 794 692 100 0
-13.356 16.02 685 715 100 0
-33.948 16.02 957 636 75 -75
-43.632 16.02 856 636 75 -75
-53.676 16.02 743 650 75 -75
-63.828 16.02 615 679 75 -75
-73.476 16.02 468 724 75 -75
-73.476 25.704 525 749 50 -50
-73.476 25.704 1004 619 0 -75
-73.476 25.704 471 571 75 -75
-66.06 25.704 622 712 50 -50
-66.06 25.704 1073 634 0 -75
-66.06 25.704 584 542 75 -75
-56.196 25.704 734 679 50 -50
-46.584 25.704 833 663 50 -50
-46.584 25.704 822 509 75 -75
-36.324 25.704 930 662 50 -50
-36.324 25.704 931 511 75 -75
-36.324 25.704 338 683 100 0
-26.676 25.704 1018 675 50 -50
-26.676 25.704 538 747 75 0
-26.676 25.704 505 621 100 0
-16.776 25.704 662 701 75 0
-16.776 25.704 644 583 100 0
-6.408 25.704 775 673 75 0
-6.408 25.704 766 561 100 0
3.312 25.704 870 663 75 0
3.312 25.704 870 555 100 0
13.644 25.704 966 667 75 0
13.644 25.704 407 625 75 75
13.644 25.704 973 560 100 0
23.904 25.704 570 574 75 75
23.904 25.704 1073 578 100 0
33.84 25.704 717 716 50 50
33.84 25.704 699 547 75 75
